A = [1 2 3; 4 5 6; 7 8 9];
B = [2 1 2; 4 1 7; 2 5 3];
X = A + B